timestamp_IMU1,accel_X_IMU1,accel_Y_IMU1,accel_Z_IMU1,gyro_X_IMU1,gyro_Y_IMU1,gyro_Z_IMU1,mag_X_IMU1,mag_Y_IMU1,mag_Z_IMU1,timestamp_IMU2,accel_X_IMU2,accel_Y_IMU2,accel_Z_IMU2,gyro_X_IMU2,gyro_Y_IMU2,gyro_Z_IMU2,mag_X_IMU2,mag_Y_IMU2,mag_Z_IMU2
111846000611,0,0,0,0,0,0,497,0,0,111846077611,0,0,0,0,0,0,596,0,0
111847120611,0,0,0,0,0,0,487,0,0,111847197611,0,0,0,0,0,0,589,0,0
111848240611,0,0,0,0,0,0,508,0,0,111848317611,0,0,0,0,0,0,583,0,0
111849360611,0,0,0,0,0,0,474,0,0,111849437611,0,0,0,0,0,0,569,0,0
111850480611,0,0,0,0,0,0,470,0,0,111850557611,0,0,0,0,0,0,568,0,0
111851600611,0,0,0,0,0,0,415,0,0,111851677611,0,0,0,0,0,0,598,0,0
111852720611,0,0,0,0,0,0,501,0,0,111852797611,0,0,0,0,0,0,611,0,0
111853840611,0,0,0,0,0,0,524,0,0,111853917611,0,0,0,0,0,0,565,0,0
111854960611,0,0,0,0,0,0,479,0,0,111855037611,0,0,0,0,0,0,595,0,0
111856080611,0,0,0,0,0,0,472,0,0,111856157611,0,0,0,0,0,0,616,0,0
111857200611,0,0,0,0,0,0,471,0,0,111857277611,0,0,0,0,0,0,508,0,0
111858320611,0,0,0,0,0,0,471,0,0,111858397611,0,0,0,0,0,0,572,0,0
111859440611,0,0,0,0,0,0,457,0,0,111859517611,0,0,0,0,0,0,562,0,0
111860560611,0,0,0,0,0,0,472,0,0,111860637611,0,0,0,0,0,0,624,0,0
111861680611,0,0,0,0,0,0,496,0,0,111861757611,0,0,0,0,0,0,596,0,0
111862800611,0,0,0,0,0,0,522,0,0,111862877611,0,0,0,0,0,0,572,0,0
111863920611,0,0,0,0,0,0,519,0,0,111863997611,0,0,0,0,0,0,583,0,0
111865040611,0,0,0,0,0,0,512,0,0,111865117611,0,0,0,0,0,0,586,0,0
111866160611,0,0,0,0,0,0,455,0,0,111866237611,0,0,0,0,0,0,577,0,0
111867280611,0,0,0,0,0,0,523,0,0,111867357611,0,0,0,0,0,0,571,0,0
111868400611,0,0,0,0,0,0,485,0,0,111868477611,0,0,0,0,0,0,582,0,0
111869520611,0,0,0,0,0,0,462,0,0,111869597611,0,0,0,0,0,0,595,0,0
111870640611,0,0,0,0,0,0,474,0,0,111870717611,0,0,0,0,0,0,529,0,0
111871760611,0,0,0,0,0,0,511,0,0,111871837611,0,0,0,0,0,0,578,0,0
111872880611,0,0,0,0,0,0,483,0,0,111872957611,0,0,0,0,0,0,578,0,0
111874000611,0,0,0,0,0,0,418,0,0,111874077611,0,0,0,0,0,0,577,0,0
111875120611,0,0,0,0,0,0,516,0,0,111875197611,0,0,0,0,0,0,509,0,0
111876240611,0,0,0,0,0,0,516,0,0,111876317611,0,0,0,0,0,0,578,0,0
111877360611,0,0,0,0,0,0,458,0,0,111877437611,0,0,0,0,0,0,601,0,0
111878480611,0,0,0,0,0,0,485,0,0,111878557611,0,0,0,0,0,0,562,0,0
111879600611,0,0,0,0,0,0,513,0,0,111879677611,0,0,0,0,0,0,574,0,0
111880720611,0,0,0,0,0,0,484,0,0,111880797611,0,0,0,0,0,0,599,0,0
111881840611,0,0,0,0,0,0,453,0,0,111881917611,0,0,0,0,0,0,570,0,0
111882960611,0,0,0,0,0,0,543,0,0,111883037611,0,0,0,0,0,0,617,0,0
111884080611,0,0,0,0,0,0,514,0,0,111884157611,0,0,0,0,0,0,582,0,0
111885200611,0,0,0,0,0,0,464,0,0,111885277611,0,0,0,0,0,0,594,0,0
111886320611,0,0,0,0,0,0,453,0,0,111886397611,0,0,0,0,0,0,587,0,0
111887440611,0,0,0,0,0,0,493,0,0,111887517611,0,0,0,0,0,0,599,0,0
111888560611,0,0,0,0,0,0,473,0,0,111888637611,0,0,0,0,0,0,531,0,0
111889680611,0,0,0,0,0,0,484,0,0,111889757611,0,0,0,0,0,0,579,0,0
111890800611,0,0,0,0,0,0,484,0,0,111890877611,0,0,0,0,0,0,612,0,0
111891920611,0,0,0,0,0,0,498,0,0,111891997611,0,0,0,0,0,0,576,0,0
111893040611,0,0,0,0,0,0,492,0,0,111893117611,0,0,0,0,0,0,606,0,0
111894160611,0,0,0,0,0,0,484,0,0,111894237611,0,0,0,0,0,0,562,0,0
111895280611,0,0,0,0,0,0,494,0,0,111895357611,0,0,0,0,0,0,575,0,0
111896400611,0,0,0,0,0,0,500,0,0,111896477611,0,0,0,0,0,0,575,0,0
111897520611,0,0,0,0,0,0,437,0,0,111897597611,0,0,0,0,0,0,595,0,0
111898640611,0,0,0,0,0,0,484,0,0,111898717611,0,0,0,0,0,0,564,0,0
111899760611,0,0,0,0,0,0,478,0,0,111899837611,0,0,0,0,0,0,564,0,0
111900880611,0,0,0,0,0,0,508,0,0,111900957611,0,0,0,0,0,0,593,0,0
111902000611,0,0,0,0,0,0,458,0,0,111902077611,0,0,0,0,0,0,582,0,0
111903120611,0,0,0,0,0,0,497,0,0,111903197611,0,0,0,0,0,0,582,0,0
111904240611,0,0,0,0,0,0,11300,0,0,111904317611,0,0,0,0,0,0,-855,0,0
111905360611,0,0,0,0,0,0,11302,0,0,111905437611,0,0,0,0,0,0,-900,0,0
111906480611,0,0,0,0,0,0,11293,0,0,111906557611,0,0,0,0,0,0,-898,0,0
111907600611,0,0,0,0,0,0,11355,0,0,111907677611,0,0,0,0,0,0,-844,0,0
111908720611,0,0,0,0,0,0,11317,0,0,111908797611,0,0,0,0,0,0,-886,0,0
111909840611,0,0,0,0,0,0,11307,0,0,111909917611,0,0,0,0,0,0,-864,0,0
111910960611,0,0,0,0,0,0,11329,0,0,111911037611,0,0,0,0,0,0,-915,0,0
111912080611,0,0,0,0,0,0,11351,0,0,111912157611,0,0,0,0,0,0,-833,0,0
111913200611,0,0,0,0,0,0,531,0,0,111913277611,0,0,0,0,0,0,608,0,0
111914320611,0,0,0,0,0,0,488,0,0,111914397611,0,0,0,0,0,0,552,0,0
111915440611,0,0,0,0,0,0,499,0,0,111915517611,0,0,0,0,0,0,587,0,0
111916560611,0,0,0,0,0,0,483,0,0,111916637611,0,0,0,0,0,0,598,0,0
111917680611,0,0,0,0,0,0,452,0,0,111917757611,0,0,0,0,0,0,590,0,0
111918800611,0,0,0,0,0,0,492,0,0,111918877611,0,0,0,0,0,0,568,0,0
111919920611,0,0,0,0,0,0,499,0,0,111919997611,0,0,0,0,0,0,573,0,0
111921040611,0,0,0,0,0,0,450,0,0,111921117611,0,0,0,0,0,0,534,0,0
111922160611,0,0,0,0,0,0,11327,0,0,111922237611,0,0,0,0,0,0,-913,0,0
111923280611,0,0,0,0,0,0,11322,0,0,111923357611,0,0,0,0,0,0,-917,0,0
111924400611,0,0,0,0,0,0,11300,0,0,111924477611,0,0,0,0,0,0,-829,0,0
111925520611,0,0,0,0,0,0,11301,0,0,111925597611,0,0,0,0,0,0,-913,0,0
111926640611,0,0,0,0,0,0,11308,0,0,111926717611,0,0,0,0,0,0,-854,0,0
111927760611,0,0,0,0,0,0,11298,0,0,111927837611,0,0,0,0,0,0,-859,0,0
111928880611,0,0,0,0,0,0,11328,0,0,111928957611,0,0,0,0,0,0,-839,0,0
111930000611,0,0,0,0,0,0,11327,0,0,111930077611,0,0,0,0,0,0,-851,0,0
111931120611,0,0,0,0,0,0,458,0,0,111931197611,0,0,0,0,0,0,583,0,0
111932240611,0,0,0,0,0,0,487,0,0,111932317611,0,0,0,0,0,0,537,0,0
111933360611,0,0,0,0,0,0,481,0,0,111933437611,0,0,0,0,0,0,622,0,0
111934480611,0,0,0,0,0,0,492,0,0,111934557611,0,0,0,0,0,0,592,0,0
111935600611,0,0,0,0,0,0,513,0,0,111935677611,0,0,0,0,0,0,584,0,0
111936720611,0,0,0,0,0,0,466,0,0,111936797611,0,0,0,0,0,0,611,0,0
111937840611,0,0,0,0,0,0,505,0,0,111937917611,0,0,0,0,0,0,591,0,0
111938960611,0,0,0,0,0,0,463,0,0,111939037611,0,0,0,0,0,0,553,0,0
111940080611,0,0,0,0,0,0,11290,0,0,111940157611,0,0,0,0,0,0,-867,0,0
111941200611,0,0,0,0,0,0,11303,0,0,111941277611,0,0,0,0,0,0,-881,0,0
111942320611,0,0,0,0,0,0,11314,0,0,111942397611,0,0,0,0,0,0,-872,0,0
111943440611,0,0,0,0,0,0,11276,0,0,111943517611,0,0,0,0,0,0,-852,0,0
111944560611,0,0,0,0,0,0,11330,0,0,111944637611,0,0,0,0,0,0,-865,0,0
111945680611,0,0,0,0,0,0,11341,0,0,111945757611,0,0,0,0,0,0,-903,0,0
111946800611,0,0,0,0,0,0,11356,0,0,111946877611,0,0,0,0,0,0,-926,0,0
111947920611,0,0,0,0,0,0,11310,0,0,111947997611,0,0,0,0,0,0,-867,0,0
111949040611,0,0,0,0,0,0,503,0,0,111949117611,0,0,0,0,0,0,562,0,0
111950160611,0,0,0,0,0,0,506,0,0,111950237611,0,0,0,0,0,0,583,0,0
111951280611,0,0,0,0,0,0,452,0,0,111951357611,0,0,0,0,0,0,579,0,0
111952400611,0,0,0,0,0,0,500,0,0,111952477611,0,0,0,0,0,0,559,0,0
111953520611,0,0,0,0,0,0,495,0,0,111953597611,0,0,0,0,0,0,570,0,0
111954640611,0,0,0,0,0,0,444,0,0,111954717611,0,0,0,0,0,0,562,0,0
111955760611,0,0,0,0,0,0,510,0,0,111955837611,0,0,0,0,0,0,587,0,0
111956880611,0,0,0,0,0,0,501,0,0,111956957611,0,0,0,0,0,0,587,0,0
111958000611,0,0,0,0,0,0,11325,0,0,111958077611,0,0,0,0,0,0,-865,0,0
111959120611,0,0,0,0,0,0,11297,0,0,111959197611,0,0,0,0,0,0,-862,0,0
111960240611,0,0,0,0,0,0,11267,0,0,111960317611,0,0,0,0,0,0,-871,0,0
111961360611,0,0,0,0,0,0,11343,0,0,111961437611,0,0,0,0,0,0,-874,0,0
111962480611,0,0,0,0,0,0,11275,0,0,111962557611,0,0,0,0,0,0,-866,0,0
111963600611,0,0,0,0,0,0,11326,0,0,111963677611,0,0,0,0,0,0,-895,0,0
111964720611,0,0,0,0,0,0,11334,0,0,111964797611,0,0,0,0,0,0,-839,0,0
111965840611,0,0,0,0,0,0,11322,0,0,111965917611,0,0,0,0,0,0,-851,0,0
111966960611,0,0,0,0,0,0,506,0,0,111967037611,0,0,0,0,0,0,576,0,0
111968080611,0,0,0,0,0,0,481,0,0,111968157611,0,0,0,0,0,0,561,0,0
111969200611,0,0,0,0,0,0,473,0,0,111969277611,0,0,0,0,0,0,578,0,0
111970320611,0,0,0,0,0,0,501,0,0,111970397611,0,0,0,0,0,0,603,0,0
111971440611,0,0,0,0,0,0,459,0,0,111971517611,0,0,0,0,0,0,580,0,0
111972560611,0,0,0,0,0,0,475,0,0,111972637611,0,0,0,0,0,0,570,0,0
111973680611,0,0,0,0,0,0,426,0,0,111973757611,0,0,0,0,0,0,587,0,0
111974800611,0,0,0,0,0,0,522,0,0,111974877611,0,0,0,0,0,0,565,0,0
111975920611,0,0,0,0,0,0,11302,0,0,111975997611,0,0,0,0,0,0,-853,0,0
111977040611,0,0,0,0,0,0,11339,0,0,111977117611,0,0,0,0,0,0,-868,0,0
111978160611,0,0,0,0,0,0,11289,0,0,111978237611,0,0,0,0,0,0,-927,0,0
111979280611,0,0,0,0,0,0,11300,0,0,111979357611,0,0,0,0,0,0,-847,0,0
111980400611,0,0,0,0,0,0,11324,0,0,111980477611,0,0,0,0,0,0,-878,0,0
111981520611,0,0,0,0,0,0,11310,0,0,111981597611,0,0,0,0,0,0,-870,0,0
111982640611,0,0,0,0,0,0,11339,0,0,111982717611,0,0,0,0,0,0,-890,0,0
111983760611,0,0,0,0,0,0,11309,0,0,111983837611,0,0,0,0,0,0,-869,0,0
111984880611,0,0,0,0,0,0,491,0,0,111984957611,0,0,0,0,0,0,595,0,0
111986000611,0,0,0,0,0,0,516,0,0,111986077611,0,0,0,0,0,0,579,0,0
111987120611,0,0,0,0,0,0,524,0,0,111987197611,0,0,0,0,0,0,564,0,0
111988240611,0,0,0,0,0,0,504,0,0,111988317611,0,0,0,0,0,0,557,0,0
111989360611,0,0,0,0,0,0,494,0,0,111989437611,0,0,0,0,0,0,599,0,0
111990480611,0,0,0,0,0,0,489,0,0,111990557611,0,0,0,0,0,0,571,0,0
111991600611,0,0,0,0,0,0,506,0,0,111991677611,0,0,0,0,0,0,576,0,0
111992720611,0,0,0,0,0,0,493,0,0,111992797611,0,0,0,0,0,0,605,0,0
111993840611,0,0,0,0,0,0,11303,0,0,111993917611,0,0,0,0,0,0,-866,0,0
111994960611,0,0,0,0,0,0,11285,0,0,111995037611,0,0,0,0,0,0,-888,0,0
111996080611,0,0,0,0,0,0,11276,0,0,111996157611,0,0,0,0,0,0,-870,0,0
111997200611,0,0,0,0,0,0,11286,0,0,111997277611,0,0,0,0,0,0,-847,0,0
111998320611,0,0,0,0,0,0,11322,0,0,111998397611,0,0,0,0,0,0,-922,0,0
111999440611,0,0,0,0,0,0,11302,0,0,111999517611,0,0,0,0,0,0,-895,0,0
112000560611,0,0,0,0,0,0,11336,0,0,112000637611,0,0,0,0,0,0,-904,0,0
112001680611,0,0,0,0,0,0,11294,0,0,112001757611,0,0,0,0,0,0,-894,0,0
112002800611,0,0,0,0,0,0,517,0,0,112002877611,0,0,0,0,0,0,559,0,0
112003920611,0,0,0,0,0,0,477,0,0,112003997611,0,0,0,0,0,0,586,0,0
112005040611,0,0,0,0,0,0,473,0,0,112005117611,0,0,0,0,0,0,582,0,0
112006160611,0,0,0,0,0,0,507,0,0,112006237611,0,0,0,0,0,0,556,0,0
112007280611,0,0,0,0,0,0,420,0,0,112007357611,0,0,0,0,0,0,587,0,0
112008400611,0,0,0,0,0,0,472,0,0,112008477611,0,0,0,0,0,0,569,0,0
112009520611,0,0,0,0,0,0,513,0,0,112009597611,0,0,0,0,0,0,584,0,0
112010640611,0,0,0,0,0,0,475,0,0,112010717611,0,0,0,0,0,0,625,0,0
112011760611,0,0,0,0,0,0,11280,0,0,112011837611,0,0,0,0,0,0,-847,0,0
112012880611,0,0,0,0,0,0,11340,0,0,112012957611,0,0,0,0,0,0,-907,0,0
112014000611,0,0,0,0,0,0,11356,0,0,112014077611,0,0,0,0,0,0,-865,0,0
112015120611,0,0,0,0,0,0,11325,0,0,112015197611,0,0,0,0,0,0,-875,0,0
112016240611,0,0,0,0,0,0,11333,0,0,112016317611,0,0,0,0,0,0,-849,0,0
112017360611,0,0,0,0,0,0,11268,0,0,112017437611,0,0,0,0,0,0,-877,0,0
112018480611,0,0,0,0,0,0,11324,0,0,112018557611,0,0,0,0,0,0,-880,0,0
112019600611,0,0,0,0,0,0,11306,0,0,112019677611,0,0,0,0,0,0,-858,0,0
112020720611,0,0,0,0,0,0,495,0,0,112020797611,0,0,0,0,0,0,583,0,0
112021840611,0,0,0,0,0,0,454,0,0,112021917611,0,0,0,0,0,0,607,0,0
112022960611,0,0,0,0,0,0,486,0,0,112023037611,0,0,0,0,0,0,588,0,0
112024080611,0,0,0,0,0,0,516,0,0,112024157611,0,0,0,0,0,0,561,0,0
112025200611,0,0,0,0,0,0,446,0,0,112025277611,0,0,0,0,0,0,576,0,0
112026320611,0,0,0,0,0,0,488,0,0,112026397611,0,0,0,0,0,0,549,0,0
112027440611,0,0,0,0,0,0,508,0,0,112027517611,0,0,0,0,0,0,579,0,0
112028560611,0,0,0,0,0,0,499,0,0,112028637611,0,0,0,0,0,0,559,0,0
112029680611,0,0,0,0,0,0,11261,0,0,112029757611,0,0,0,0,0,0,-869,0,0
112030800611,0,0,0,0,0,0,11314,0,0,112030877611,0,0,0,0,0,0,-852,0,0
112031920611,0,0,0,0,0,0,11303,0,0,112031997611,0,0,0,0,0,0,-834,0,0
112033040611,0,0,0,0,0,0,11312,0,0,112033117611,0,0,0,0,0,0,-881,0,0
112034160611,0,0,0,0,0,0,11291,0,0,112034237611,0,0,0,0,0,0,-886,0,0
112035280611,0,0,0,0,0,0,11337,0,0,112035357611,0,0,0,0,0,0,-871,0,0
112036400611,0,0,0,0,0,0,11338,0,0,112036477611,0,0,0,0,0,0,-888,0,0
112037520611,0,0,0,0,0,0,11289,0,0,112037597611,0,0,0,0,0,0,-938,0,0
112038640611,0,0,0,0,0,0,484,0,0,112038717611,0,0,0,0,0,0,601,0,0
112039760611,0,0,0,0,0,0,488,0,0,112039837611,0,0,0,0,0,0,589,0,0
112040880611,0,0,0,0,0,0,443,0,0,112040957611,0,0,0,0,0,0,573,0,0
112042000611,0,0,0,0,0,0,468,0,0,112042077611,0,0,0,0,0,0,594,0,0
112043120611,0,0,0,0,0,0,464,0,0,112043197611,0,0,0,0,0,0,607,0,0
112044240611,0,0,0,0,0,0,424,0,0,112044317611,0,0,0,0,0,0,614,0,0
112045360611,0,0,0,0,0,0,497,0,0,112045437611,0,0,0,0,0,0,551,0,0
112046480611,0,0,0,0,0,0,493,0,0,112046557611,0,0,0,0,0,0,580,0,0
112047600611,0,0,0,0,0,0,11208,0,0,112047677611,0,0,0,0,0,0,-894,0,0
112048720611,0,0,0,0,0,0,11270,0,0,112048797611,0,0,0,0,0,0,-877,0,0
112049840611,0,0,0,0,0,0,11289,0,0,112049917611,0,0,0,0,0,0,-826,0,0
112050960611,0,0,0,0,0,0,11279,0,0,112051037611,0,0,0,0,0,0,-877,0,0
112052080611,0,0,0,0,0,0,11292,0,0,112052157611,0,0,0,0,0,0,-860,0,0
112053200611,0,0,0,0,0,0,11251,0,0,112053277611,0,0,0,0,0,0,-862,0,0
112054320611,0,0,0,0,0,0,11335,0,0,112054397611,0,0,0,0,0,0,-850,0,0
112055440611,0,0,0,0,0,0,11277,0,0,112055517611,0,0,0,0,0,0,-876,0,0
112056560611,0,0,0,0,0,0,463,0,0,112056637611,0,0,0,0,0,0,585,0,0
112057680611,0,0,0,0,0,0,486,0,0,112057757611,0,0,0,0,0,0,556,0,0
112058800611,0,0,0,0,0,0,451,0,0,112058877611,0,0,0,0,0,0,561,0,0
112059920611,0,0,0,0,0,0,508,0,0,112059997611,0,0,0,0,0,0,557,0,0
112061040611,0,0,0,0,0,0,475,0,0,112061117611,0,0,0,0,0,0,613,0,0
112062160611,0,0,0,0,0,0,493,0,0,112062237611,0,0,0,0,0,0,543,0,0
112063280611,0,0,0,0,0,0,490,0,0,112063357611,0,0,0,0,0,0,573,0,0
112064400611,0,0,0,0,0,0,509,0,0,112064477611,0,0,0,0,0,0,574,0,0
112065520611,0,0,0,0,0,0,11055,0,0,112065597611,0,0,0,0,0,0,-914,0,0
112066640611,0,0,0,0,0,0,11326,0,0,112066717611,0,0,0,0,0,0,-884,0,0
112067760611,0,0,0,0,0,0,11300,0,0,112067837611,0,0,0,0,0,0,-923,0,0
112068880611,0,0,0,0,0,0,11321,0,0,112068957611,0,0,0,0,0,0,-886,0,0
112070000611,0,0,0,0,0,0,11327,0,0,112070077611,0,0,0,0,0,0,-887,0,0
112071120611,0,0,0,0,0,0,11304,0,0,112071197611,0,0,0,0,0,0,-903,0,0
112072240611,0,0,0,0,0,0,11285,0,0,112072317611,0,0,0,0,0,0,-831,0,0
112073360611,0,0,0,0,0,0,11298,0,0,112073437611,0,0,0,0,0,0,-855,0,0
112074480611,0,0,0,0,0,0,533,0,0,112074557611,0,0,0,0,0,0,543,0,0
112075600611,0,0,0,0,0,0,510,0,0,112075677611,0,0,0,0,0,0,567,0,0
112076720611,0,0,0,0,0,0,455,0,0,112076797611,0,0,0,0,0,0,626,0,0
112077840611,0,0,0,0,0,0,463,0,0,112077917611,0,0,0,0,0,0,572,0,0
112078960611,0,0,0,0,0,0,429,0,0,112079037611,0,0,0,0,0,0,555,0,0
112080080611,0,0,0,0,0,0,515,0,0,112080157611,0,0,0,0,0,0,621,0,0
112081200611,0,0,0,0,0,0,484,0,0,112081277611,0,0,0,0,0,0,545,0,0
112082320611,0,0,0,0,0,0,509,0,0,112082397611,0,0,0,0,0,0,592,0,0
112083440611,0,0,0,0,0,0,10835,0,0,112083517611,0,0,0,0,0,0,-875,0,0
112084560611,0,0,0,0,0,0,11323,0,0,112084637611,0,0,0,0,0,0,-851,0,0
112085680611,0,0,0,0,0,0,11312,0,0,112085757611,0,0,0,0,0,0,-872,0,0
112086800611,0,0,0,0,0,0,11345,0,0,112086877611,0,0,0,0,0,0,-883,0,0
112087920611,0,0,0,0,0,0,11322,0,0,112087997611,0,0,0,0,0,0,-864,0,0
112089040611,0,0,0,0,0,0,11298,0,0,112089117611,0,0,0,0,0,0,-867,0,0
112090160611,0,0,0,0,0,0,11305,0,0,112090237611,0,0,0,0,0,0,-879,0,0
112091280611,0,0,0,0,0,0,11265,0,0,112091357611,0,0,0,0,0,0,-886,0,0
112092400611,0,0,0,0,0,0,589,0,0,112092477611,0,0,0,0,0,0,591,0,0
112093520611,0,0,0,0,0,0,478,0,0,112093597611,0,0,0,0,0,0,548,0,0
112094640611,0,0,0,0,0,0,492,0,0,112094717611,0,0,0,0,0,0,566,0,0
112095760611,0,0,0,0,0,0,457,0,0,112095837611,0,0,0,0,0,0,571,0,0
112096880611,0,0,0,0,0,0,476,0,0,112096957611,0,0,0,0,0,0,589,0,0
112098000611,0,0,0,0,0,0,455,0,0,112098077611,0,0,0,0,0,0,584,0,0
112099120611,0,0,0,0,0,0,464,0,0,112099197611,0,0,0,0,0,0,519,0,0
112100240611,0,0,0,0,0,0,460,0,0,112100317611,0,0,0,0,0,0,580,0,0
112101360611,0,0,0,0,0,0,10327,0,0,112101437611,0,0,0,0,0,0,-857,0,0
112102480611,0,0,0,0,0,0,11286,0,0,112102557611,0,0,0,0,0,0,-854,0,0
112103600611,0,0,0,0,0,0,11320,0,0,112103677611,0,0,0,0,0,0,-922,0,0
112104720611,0,0,0,0,0,0,11296,0,0,112104797611,0,0,0,0,0,0,-886,0,0
112105840611,0,0,0,0,0,0,11300,0,0,112105917611,0,0,0,0,0,0,-882,0,0
112106960611,0,0,0,0,0,0,11349,0,0,112107037611,0,0,0,0,0,0,-925,0,0
112108080611,0,0,0,0,0,0,11309,0,0,112108157611,0,0,0,0,0,0,-845,0,0
112109200611,0,0,0,0,0,0,11326,0,0,112109277611,0,0,0,0,0,0,-932,0,0
112110320611,0,0,0,0,0,0,670,0,0,112110397611,0,0,0,0,0,0,565,0,0
112111440611,0,0,0,0,0,0,471,0,0,112111517611,0,0,0,0,0,0,583,0,0
112112560611,0,0,0,0,0,0,458,0,0,112112637611,0,0,0,0,0,0,563,0,0
112113680611,0,0,0,0,0,0,441,0,0,112113757611,0,0,0,0,0,0,581,0,0
112114800611,0,0,0,0,0,0,514,0,0,112114877611,0,0,0,0,0,0,602,0,0
112115920611,0,0,0,0,0,0,442,0,0,112115997611,0,0,0,0,0,0,583,0,0
112117040611,0,0,0,0,0,0,452,0,0,112117117611,0,0,0,0,0,0,605,0,0
112118160611,0,0,0,0,0,0,503,0,0,112118237611,0,0,0,0,0,0,580,0,0
112119280611,0,0,0,0,0,0,9348,0,0,112119357611,0,0,0,0,0,0,-834,0,0
112120400611,0,0,0,0,0,0,11318,0,0,112120477611,0,0,0,0,0,0,-868,0,0
112121520611,0,0,0,0,0,0,11362,0,0,112121597611,0,0,0,0,0,0,-901,0,0
112122640611,0,0,0,0,0,0,11318,0,0,112122717611,0,0,0,0,0,0,-874,0,0
112123760611,0,0,0,0,0,0,11263,0,0,112123837611,0,0,0,0,0,0,-875,0,0
112124880611,0,0,0,0,0,0,11323,0,0,112124957611,0,0,0,0,0,0,-853,0,0
112126000611,0,0,0,0,0,0,11347,0,0,112126077611,0,0,0,0,0,0,-874,0,0
112127120611,0,0,0,0,0,0,11327,0,0,112127197611,0,0,0,0,0,0,-890,0,0
112128240611,0,0,0,0,0,0,1538,0,0,112128317611,0,0,0,0,0,0,552,0,0
112129360611,0,0,0,0,0,0,492,0,0,112129437611,0,0,0,0,0,0,565,0,0
112130480611,0,0,0,0,0,0,519,0,0,112130557611,0,0,0,0,0,0,582,0,0
112131600611,0,0,0,0,0,0,453,0,0,112131677611,0,0,0,0,0,0,561,0,0
112132720611,0,0,0,0,0,0,531,0,0,112132797611,0,0,0,0,0,0,570,0,0
112133840611,0,0,0,0,0,0,530,0,0,112133917611,0,0,0,0,0,0,554,0,0
112134960611,0,0,0,0,0,0,533,0,0,112135037611,0,0,0,0,0,0,559,0,0
112136080611,0,0,0,0,0,0,509,0,0,112136157611,0,0,0,0,0,0,594,0,0
112137200611,0,0,0,0,0,0,7135,0,0,112137277611,0,0,0,0,0,0,-788,0,0
112138320611,0,0,0,0,0,0,11323,0,0,112138397611,0,0,0,0,0,0,-835,0,0
112139440611,0,0,0,0,0,0,11343,0,0,112139517611,0,0,0,0,0,0,-888,0,0
112140560611,0,0,0,0,0,0,11312,0,0,112140637611,0,0,0,0,0,0,-904,0,0
112141680611,0,0,0,0,0,0,11311,0,0,112141757611,0,0,0,0,0,0,-885,0,0
112142800611,0,0,0,0,0,0,11320,0,0,112142877611,0,0,0,0,0,0,-846,0,0
112143920611,0,0,0,0,0,0,11279,0,0,112143997611,0,0,0,0,0,0,-892,0,0
112145040611,0,0,0,0,0,0,11324,0,0,112145117611,0,0,0,0,0,0,-905,0,0
112146160611,0,0,0,0,0,0,5600,0,0,112146237611,0,0,0,0,0,0,553,0,0
112147280611,0,0,0,0,0,0,479,0,0,112147357611,0,0,0,0,0,0,582,0,0
112148400611,0,0,0,0,0,0,450,0,0,112148477611,0,0,0,0,0,0,582,0,0
112149520611,0,0,0,0,0,0,490,0,0,112149597611,0,0,0,0,0,0,627,0,0
112150640611,0,0,0,0,0,0,496,0,0,112150717611,0,0,0,0,0,0,591,0,0
112151760611,0,0,0,0,0,0,509,0,0,112151837611,0,0,0,0,0,0,591,0,0
112152880611,0,0,0,0,0,0,412,0,0,112152957611,0,0,0,0,0,0,569,0,0
112154000611,0,0,0,0,0,0,502,0,0,112154077611,0,0,0,0,0,0,567,0,0
112155120611,0,0,0,0,0,0,2116,0,0,112155197611,0,0,0,0,0,0,-744,0,0
112156240611,0,0,0,0,0,0,11299,0,0,112156317611,0,0,0,0,0,0,-850,0,0
112157360611,0,0,0,0,0,0,11317,0,0,112157437611,0,0,0,0,0,0,-829,0,0
112158480611,0,0,0,0,0,0,11333,0,0,112158557611,0,0,0,0,0,0,-871,0,0
112159600611,0,0,0,0,0,0,11342,0,0,112159677611,0,0,0,0,0,0,-870,0,0
112160720611,0,0,0,0,0,0,11313,0,0,112160797611,0,0,0,0,0,0,-864,0,0
112161840611,0,0,0,0,0,0,11274,0,0,112161917611,0,0,0,0,0,0,-872,0,0
112162960611,0,0,0,0,0,0,11325,0,0,112163037611,0,0,0,0,0,0,-845,0,0
112164080611,0,0,0,0,0,0,11286,0,0,112164157611,0,0,0,0,0,0,516,0,0
112165200611,0,0,0,0,0,0,445,0,0,112165277611,0,0,0,0,0,0,528,0,0
112166320611,0,0,0,0,0,0,494,0,0,112166397611,0,0,0,0,0,0,560,0,0
112167440611,0,0,0,0,0,0,508,0,0,112167517611,0,0,0,0,0,0,599,0,0
112168560611,0,0,0,0,0,0,488,0,0,112168637611,0,0,0,0,0,0,557,0,0
112169680611,0,0,0,0,0,0,464,0,0,112169757611,0,0,0,0,0,0,572,0,0
112170800611,0,0,0,0,0,0,489,0,0,112170877611,0,0,0,0,0,0,603,0,0
112171920611,0,0,0,0,0,0,463,0,0,112171997611,0,0,0,0,0,0,608,0,0
112173040611,0,0,0,0,0,0,501,0,0,112173117611,0,0,0,0,0,0,-476,0,0
112174160611,0,0,0,0,0,0,11302,0,0,112174237611,0,0,0,0,0,0,-899,0,0
112175280611,0,0,0,0,0,0,11318,0,0,112175357611,0,0,0,0,0,0,-888,0,0
112176400611,0,0,0,0,0,0,11315,0,0,112176477611,0,0,0,0,0,0,-890,0,0
112177520611,0,0,0,0,0,0,11286,0,0,112177597611,0,0,0,0,0,0,-892,0,0
112178640611,0,0,0,0,0,0,11318,0,0,112178717611,0,0,0,0,0,0,-854,0,0
112179760611,0,0,0,0,0,0,11314,0,0,112179837611,0,0,0,0,0,0,-864,0,0
112180880611,0,0,0,0,0,0,11270,0,0,112180957611,0,0,0,0,0,0,-839,0,0
112182000611,0,0,0,0,0,0,11329,0,0,112182077611,0,0,0,0,0,0,214,0,0
112183120611,0,0,0,0,0,0,463,0,0,112183197611,0,0,0,0,0,0,574,0,0
112184240611,0,0,0,0,0,0,466,0,0,112184317611,0,0,0,0,0,0,611,0,0
112185360611,0,0,0,0,0,0,507,0,0,112185437611,0,0,0,0,0,0,577,0,0
112186480611,0,0,0,0,0,0,503,0,0,112186557611,0,0,0,0,0,0,580,0,0
112187600611,0,0,0,0,0,0,499,0,0,112187677611,0,0,0,0,0,0,610,0,0
112188720611,0,0,0,0,0,0,457,0,0,112188797611,0,0,0,0,0,0,583,0,0
112189840611,0,0,0,0,0,0,495,0,0,112189917611,0,0,0,0,0,0,530,0,0
112190960611,0,0,0,0,0,0,465,0,0,112191037611,0,0,0,0,0,0,-74,0,0
112192080611,0,0,0,0,0,0,11331,0,0,112192157611,0,0,0,0,0,0,-899,0,0
112193200611,0,0,0,0,0,0,11339,0,0,112193277611,0,0,0,0,0,0,-880,0,0
112194320611,0,0,0,0,0,0,11283,0,0,112194397611,0,0,0,0,0,0,-885,0,0
112195440611,0,0,0,0,0,0,11336,0,0,112195517611,0,0,0,0,0,0,-907,0,0
112196560611,0,0,0,0,0,0,11291,0,0,112196637611,0,0,0,0,0,0,-886,0,0
112197680611,0,0,0,0,0,0,11292,0,0,112197757611,0,0,0,0,0,0,-862,0,0
112198800611,0,0,0,0,0,0,11292,0,0,112198877611,0,0,0,0,0,0,-825,0,0
112199920611,0,0,0,0,0,0,11320,0,0,112199997611,0,0,0,0,0,0,-459,0,0
112201040611,0,0,0,0,0,0,511,0,0,112201117611,0,0,0,0,0,0,581,0,0
112202160611,0,0,0,0,0,0,488,0,0,112202237611,0,0,0,0,0,0,571,0,0
112203280611,0,0,0,0,0,0,505,0,0,112203357611,0,0,0,0,0,0,576,0,0
112204400611,0,0,0,0,0,0,455,0,0,112204477611,0,0,0,0,0,0,573,0,0
112205520611,0,0,0,0,0,0,513,0,0,112205597611,0,0,0,0,0,0,594,0,0
112206640611,0,0,0,0,0,0,549,0,0,112206717611,0,0,0,0,0,0,619,0,0
112207760611,0,0,0,0,0,0,482,0,0,112207837611,0,0,0,0,0,0,553,0,0
112208880611,0,0,0,0,0,0,484,0,0,112208957611,0,0,0,0,0,0,603,0,0
112210000611,0,0,0,0,0,0,11325,0,0,112210077611,0,0,0,0,0,0,-848,0,0
112211120611,0,0,0,0,0,0,11292,0,0,112211197611,0,0,0,0,0,0,-922,0,0
112212240611,0,0,0,0,0,0,11282,0,0,112212317611,0,0,0,0,0,0,-880,0,0
112213360611,0,0,0,0,0,0,11281,0,0,112213437611,0,0,0,0,0,0,-852,0,0
112214480611,0,0,0,0,0,0,11287,0,0,112214557611,0,0,0,0,0,0,-884,0,0
112215600611,0,0,0,0,0,0,11318,0,0,112215677611,0,0,0,0,0,0,-902,0,0
112216720611,0,0,0,0,0,0,11299,0,0,112216797611,0,0,0,0,0,0,-871,0,0
112217840611,0,0,0,0,0,0,11332,0,0,112217917611,0,0,0,0,0,0,-878,0,0
112218960611,0,0,0,0,0,0,504,0,0,112219037611,0,0,0,0,0,0,572,0,0
112220080611,0,0,0,0,0,0,457,0,0,112220157611,0,0,0,0,0,0,626,0,0
112221200611,0,0,0,0,0,0,500,0,0,112221277611,0,0,0,0,0,0,523,0,0
112222320611,0,0,0,0,0,0,513,0,0,112222397611,0,0,0,0,0,0,562,0,0
112223440611,0,0,0,0,0,0,494,0,0,112223517611,0,0,0,0,0,0,551,0,0
112224560611,0,0,0,0,0,0,523,0,0,112224637611,0,0,0,0,0,0,559,0,0
112225680611,0,0,0,0,0,0,496,0,0,112225757611,0,0,0,0,0,0,572,0,0
112226800611,0,0,0,0,0,0,459,0,0,112226877611,0,0,0,0,0,0,577,0,0
112227920611,0,0,0,0,0,0,11261,0,0,112227997611,0,0,0,0,0,0,-893,0,0
112229040611,0,0,0,0,0,0,11271,0,0,112229117611,0,0,0,0,0,0,-858,0,0
112230160611,0,0,0,0,0,0,11255,0,0,112230237611,0,0,0,0,0,0,-891,0,0
112231280611,0,0,0,0,0,0,11279,0,0,112231357611,0,0,0,0,0,0,-864,0,0
112232400611,0,0,0,0,0,0,11320,0,0,112232477611,0,0,0,0,0,0,-877,0,0
112233520611,0,0,0,0,0,0,11341,0,0,112233597611,0,0,0,0,0,0,-913,0,0
112234640611,0,0,0,0,0,0,11317,0,0,112234717611,0,0,0,0,0,0,-828,0,0
112235760611,0,0,0,0,0,0,11265,0,0,112235837611,0,0,0,0,0,0,-873,0,0
112236880611,0,0,0,0,0,0,541,0,0,112236957611,0,0,0,0,0,0,593,0,0
112238000611,0,0,0,0,0,0,468,0,0,112238077611,0,0,0,0,0,0,636,0,0
112239120611,0,0,0,0,0,0,454,0,0,112239197611,0,0,0,0,0,0,607,0,0
112240240611,0,0,0,0,0,0,466,0,0,112240317611,0,0,0,0,0,0,594,0,0
112241360611,0,0,0,0,0,0,534,0,0,112241437611,0,0,0,0,0,0,573,0,0
112242480611,0,0,0,0,0,0,460,0,0,112242557611,0,0,0,0,0,0,534,0,0
112243600611,0,0,0,0,0,0,457,0,0,112243677611,0,0,0,0,0,0,584,0,0
112244720611,0,0,0,0,0,0,478,0,0,112244797611,0,0,0,0,0,0,591,0,0
112245840611,0,0,0,0,0,0,11285,0,0,112245917611,0,0,0,0,0,0,-883,0,0
112246960611,0,0,0,0,0,0,11331,0,0,112247037611,0,0,0,0,0,0,-880,0,0
112248080611,0,0,0,0,0,0,11320,0,0,112248157611,0,0,0,0,0,0,-865,0,0
112249200611,0,0,0,0,0,0,11324,0,0,112249277611,0,0,0,0,0,0,-849,0,0
112250320611,0,0,0,0,0,0,11321,0,0,112250397611,0,0,0,0,0,0,-846,0,0
112251440611,0,0,0,0,0,0,11312,0,0,112251517611,0,0,0,0,0,0,-924,0,0
112252560611,0,0,0,0,0,0,11340,0,0,112252637611,0,0,0,0,0,0,-837,0,0
112253680611,0,0,0,0,0,0,11313,0,0,112253757611,0,0,0,0,0,0,-871,0,0
112254800611,0,0,0,0,0,0,475,0,0,112254877611,0,0,0,0,0,0,558,0,0
112255920611,0,0,0,0,0,0,487,0,0,112255997611,0,0,0,0,0,0,544,0,0
112257040611,0,0,0,0,0,0,422,0,0,112257117611,0,0,0,0,0,0,568,0,0
112258160611,0,0,0,0,0,0,512,0,0,112258237611,0,0,0,0,0,0,568,0,0
112259280611,0,0,0,0,0,0,490,0,0,112259357611,0,0,0,0,0,0,601,0,0
112260400611,0,0,0,0,0,0,479,0,0,112260477611,0,0,0,0,0,0,570,0,0
112261520611,0,0,0,0,0,0,527,0,0,112261597611,0,0,0,0,0,0,586,0,0
112262640611,0,0,0,0,0,0,507,0,0,112262717611,0,0,0,0,0,0,540,0,0
112263760611,0,0,0,0,0,0,11318,0,0,112263837611,0,0,0,0,0,0,-888,0,0
112264880611,0,0,0,0,0,0,11328,0,0,112264957611,0,0,0,0,0,0,-854,0,0
112266000611,0,0,0,0,0,0,11268,0,0,112266077611,0,0,0,0,0,0,-878,0,0
112267120611,0,0,0,0,0,0,11297,0,0,112267197611,0,0,0,0,0,0,-876,0,0
112268240611,0,0,0,0,0,0,11283,0,0,112268317611,0,0,0,0,0,0,-908,0,0
112269360611,0,0,0,0,0,0,11311,0,0,112269437611,0,0,0,0,0,0,-902,0,0
112270480611,0,0,0,0,0,0,11269,0,0,112270557611,0,0,0,0,0,0,-844,0,0
112271600611,0,0,0,0,0,0,11267,0,0,112271677611,0,0,0,0,0,0,-873,0,0
112272720611,0,0,0,0,0,0,540,0,0,112272797611,0,0,0,0,0,0,581,0,0
112273840611,0,0,0,0,0,0,511,0,0,112273917611,0,0,0,0,0,0,618,0,0
112274960611,0,0,0,0,0,0,470,0,0,112275037611,0,0,0,0,0,0,560,0,0
112276080611,0,0,0,0,0,0,500,0,0,112276157611,0,0,0,0,0,0,597,0,0
112277200611,0,0,0,0,0,0,495,0,0,112277277611,0,0,0,0,0,0,544,0,0
112278320611,0,0,0,0,0,0,442,0,0,112278397611,0,0,0,0,0,0,551,0,0
112279440611,0,0,0,0,0,0,501,0,0,112279517611,0,0,0,0,0,0,552,0,0
112280560611,0,0,0,0,0,0,481,0,0,112280637611,0,0,0,0,0,0,557,0,0
112281680611,0,0,0,0,0,0,11275,0,0,112281757611,0,0,0,0,0,0,-903,0,0
112282800611,0,0,0,0,0,0,11287,0,0,112282877611,0,0,0,0,0,0,-852,0,0
112283920611,0,0,0,0,0,0,11287,0,0,112283997611,0,0,0,0,0,0,-854,0,0
112285040611,0,0,0,0,0,0,11304,0,0,112285117611,0,0,0,0,0,0,-877,0,0
112286160611,0,0,0,0,0,0,11336,0,0,112286237611,0,0,0,0,0,0,-868,0,0
112287280611,0,0,0,0,0,0,11335,0,0,112287357611,0,0,0,0,0,0,-864,0,0
112288400611,0,0,0,0,0,0,11318,0,0,112288477611,0,0,0,0,0,0,-900,0,0
112289520611,0,0,0,0,0,0,11310,0,0,112289597611,0,0,0,0,0,0,-915,0,0
112290640611,0,0,0,0,0,0,487,0,0,112290717611,0,0,0,0,0,0,571,0,0
112291760611,0,0,0,0,0,0,512,0,0,112291837611,0,0,0,0,0,0,586,0,0
112292880611,0,0,0,0,0,0,503,0,0,112292957611,0,0,0,0,0,0,565,0,0
112294000611,0,0,0,0,0,0,498,0,0,112294077611,0,0,0,0,0,0,587,0,0
112295120611,0,0,0,0,0,0,503,0,0,112295197611,0,0,0,0,0,0,563,0,0
112296240611,0,0,0,0,0,0,472,0,0,112296317611,0,0,0,0,0,0,605,0,0
112297360611,0,0,0,0,0,0,490,0,0,112297437611,0,0,0,0,0,0,577,0,0
112298480611,0,0,0,0,0,0,505,0,0,112298557611,0,0,0,0,0,0,616,0,0
112299600611,0,0,0,0,0,0,11292,0,0,112299677611,0,0,0,0,0,0,-894,0,0
112300720611,0,0,0,0,0,0,11313,0,0,112300797611,0,0,0,0,0,0,-914,0,0
112301840611,0,0,0,0,0,0,11237,0,0,112301917611,0,0,0,0,0,0,-851,0,0
112302960611,0,0,0,0,0,0,11313,0,0,112303037611,0,0,0,0,0,0,-875,0,0
112304080611,0,0,0,0,0,0,11326,0,0,112304157611,0,0,0,0,0,0,-855,0,0
112305200611,0,0,0,0,0,0,11282,0,0,112305277611,0,0,0,0,0,0,-881,0,0
112306320611,0,0,0,0,0,0,11312,0,0,112306397611,0,0,0,0,0,0,-855,0,0
112307440611,0,0,0,0,0,0,11303,0,0,112307517611,0,0,0,0,0,0,-846,0,0
112308560611,0,0,0,0,0,0,443,0,0,112308637611,0,0,0,0,0,0,576,0,0
112309680611,0,0,0,0,0,0,510,0,0,112309757611,0,0,0,0,0,0,579,0,0
112310800611,0,0,0,0,0,0,471,0,0,112310877611,0,0,0,0,0,0,603,0,0
112311920611,0,0,0,0,0,0,476,0,0,112311997611,0,0,0,0,0,0,628,0,0
112313040611,0,0,0,0,0,0,490,0,0,112313117611,0,0,0,0,0,0,529,0,0
112314160611,0,0,0,0,0,0,519,0,0,112314237611,0,0,0,0,0,0,586,0,0
112315280611,0,0,0,0,0,0,491,0,0,112315357611,0,0,0,0,0,0,576,0,0
112316400611,0,0,0,0,0,0,489,0,0,112316477611,0,0,0,0,0,0,578,0,0
112317520611,0,0,0,0,0,0,11309,0,0,112317597611,0,0,0,0,0,0,-867,0,0
112318640611,0,0,0,0,0,0,11281,0,0,112318717611,0,0,0,0,0,0,-856,0,0
112319760611,0,0,0,0,0,0,11288,0,0,112319837611,0,0,0,0,0,0,-887,0,0
112320880611,0,0,0,0,0,0,11346,0,0,112320957611,0,0,0,0,0,0,-878,0,0
112322000611,0,0,0,0,0,0,11292,0,0,112322077611,0,0,0,0,0,0,-835,0,0
112323120611,0,0,0,0,0,0,11325,0,0,112323197611,0,0,0,0,0,0,-881,0,0
112324240611,0,0,0,0,0,0,11309,0,0,112324317611,0,0,0,0,0,0,-835,0,0
112325360611,0,0,0,0,0,0,11301,0,0,112325437611,0,0,0,0,0,0,-856,0,0
112326480611,0,0,0,0,0,0,509,0,0,112326557611,0,0,0,0,0,0,565,0,0
112327600611,0,0,0,0,0,0,499,0,0,112327677611,0,0,0,0,0,0,604,0,0
112328720611,0,0,0,0,0,0,508,0,0,112328797611,0,0,0,0,0,0,574,0,0
112329840611,0,0,0,0,0,0,478,0,0,112329917611,0,0,0,0,0,0,602,0,0
112330960611,0,0,0,0,0,0,466,0,0,112331037611,0,0,0,0,0,0,577,0,0
112332080611,0,0,0,0,0,0,487,0,0,112332157611,0,0,0,0,0,0,589,0,0
112333200611,0,0,0,0,0,0,484,0,0,112333277611,0,0,0,0,0,0,555,0,0
112334320611,0,0,0,0,0,0,499,0,0,112334397611,0,0,0,0,0,0,544,0,0
112335440611,0,0,0,0,0,0,11334,0,0,112335517611,0,0,0,0,0,0,-859,0,0
112336560611,0,0,0,0,0,0,11288,0,0,112336637611,0,0,0,0,0,0,-835,0,0
112337680611,0,0,0,0,0,0,11294,0,0,112337757611,0,0,0,0,0,0,-892,0,0
112338800611,0,0,0,0,0,0,11313,0,0,112338877611,0,0,0,0,0,0,-895,0,0
112339920611,0,0,0,0,0,0,11327,0,0,112339997611,0,0,0,0,0,0,-918,0,0
112341040611,0,0,0,0,0,0,11263,0,0,112341117611,0,0,0,0,0,0,-871,0,0
112342160611,0,0,0,0,0,0,11342,0,0,112342237611,0,0,0,0,0,0,-844,0,0
112343280611,0,0,0,0,0,0,11297,0,0,112343357611,0,0,0,0,0,0,-851,0,0
112344400611,0,0,0,0,0,0,483,0,0,112344477611,0,0,0,0,0,0,591,0,0
112345520611,0,0,0,0,0,0,473,0,0,112345597611,0,0,0,0,0,0,558,0,0
112346640611,0,0,0,0,0,0,492,0,0,112346717611,0,0,0,0,0,0,615,0,0
112347760611,0,0,0,0,0,0,472,0,0,112347837611,0,0,0,0,0,0,577,0,0
112348880611,0,0,0,0,0,0,497,0,0,112348957611,0,0,0,0,0,0,578,0,0
112350000611,0,0,0,0,0,0,484,0,0,112350077611,0,0,0,0,0,0,578,0,0
112351120611,0,0,0,0,0,0,494,0,0,112351197611,0,0,0,0,0,0,586,0,0
112352240611,0,0,0,0,0,0,472,0,0,112352317611,0,0,0,0,0,0,564,0,0
112353360611,0,0,0,0,0,0,11255,0,0,112353437611,0,0,0,0,0,0,-836,0,0
112354480611,0,0,0,0,0,0,11308,0,0,112354557611,0,0,0,0,0,0,-894,0,0
112355600611,0,0,0,0,0,0,11328,0,0,112355677611,0,0,0,0,0,0,-864,0,0
112356720611,0,0,0,0,0,0,11286,0,0,112356797611,0,0,0,0,0,0,-860,0,0
112357840611,0,0,0,0,0,0,11283,0,0,112357917611,0,0,0,0,0,0,-838,0,0
112358960611,0,0,0,0,0,0,11326,0,0,112359037611,0,0,0,0,0,0,-866,0,0
112360080611,0,0,0,0,0,0,11296,0,0,112360157611,0,0,0,0,0,0,-855,0,0
112361200611,0,0,0,0,0,0,11316,0,0,112361277611,0,0,0,0,0,0,-900,0,0
112362320611,0,0,0,0,0,0,461,0,0,112362397611,0,0,0,0,0,0,582,0,0
112363440611,0,0,0,0,0,0,500,0,0,112363517611,0,0,0,0,0,0,580,0,0
112364560611,0,0,0,0,0,0,462,0,0,112364637611,0,0,0,0,0,0,578,0,0
112365680611,0,0,0,0,0,0,488,0,0,112365757611,0,0,0,0,0,0,586,0,0
112366800611,0,0,0,0,0,0,503,0,0,112366877611,0,0,0,0,0,0,561,0,0
112367920611,0,0,0,0,0,0,511,0,0,112367997611,0,0,0,0,0,0,588,0,0
112369040611,0,0,0,0,0,0,489,0,0,112369117611,0,0,0,0,0,0,613,0,0
112370160611,0,0,0,0,0,0,485,0,0,112370237611,0,0,0,0,0,0,556,0,0
112371280611,0,0,0,0,0,0,11275,0,0,112371357611,0,0,0,0,0,0,-859,0,0
112372400611,0,0,0,0,0,0,11286,0,0,112372477611,0,0,0,0,0,0,-855,0,0
112373520611,0,0,0,0,0,0,11317,0,0,112373597611,0,0,0,0,0,0,-893,0,0
112374640611,0,0,0,0,0,0,11300,0,0,112374717611,0,0,0,0,0,0,-859,0,0
112375760611,0,0,0,0,0,0,11299,0,0,112375837611,0,0,0,0,0,0,-888,0,0
112376880611,0,0,0,0,0,0,11313,0,0,112376957611,0,0,0,0,0,0,-870,0,0
112378000611,0,0,0,0,0,0,11302,0,0,112378077611,0,0,0,0,0,0,-822,0,0
112379120611,0,0,0,0,0,0,11290,0,0,112379197611,0,0,0,0,0,0,-819,0,0
112380240611,0,0,0,0,0,0,475,0,0,112380317611,0,0,0,0,0,0,563,0,0
112381360611,0,0,0,0,0,0,466,0,0,112381437611,0,0,0,0,0,0,575,0,0
112382480611,0,0,0,0,0,0,512,0,0,112382557611,0,0,0,0,0,0,575,0,0
112383600611,0,0,0,0,0,0,473,0,0,112383677611,0,0,0,0,0,0,585,0,0
112384720611,0,0,0,0,0,0,477,0,0,112384797611,0,0,0,0,0,0,569,0,0
112385840611,0,0,0,0,0,0,488,0,0,112385917611,0,0,0,0,0,0,590,0,0
112386960611,0,0,0,0,0,0,482,0,0,112387037611,0,0,0,0,0,0,517,0,0
112388080611,0,0,0,0,0,0,482,0,0,112388157611,0,0,0,0,0,0,580,0,0
112389200611,0,0,0,0,0,0,11302,0,0,112389277611,0,0,0,0,0,0,-878,0,0
112390320611,0,0,0,0,0,0,11287,0,0,112390397611,0,0,0,0,0,0,-902,0,0
112391440611,0,0,0,0,0,0,11351,0,0,112391517611,0,0,0,0,0,0,-854,0,0
112392560611,0,0,0,0,0,0,11306,0,0,112392637611,0,0,0,0,0,0,-881,0,0
112393680611,0,0,0,0,0,0,11316,0,0,112393757611,0,0,0,0,0,0,-895,0,0
112394800611,0,0,0,0,0,0,11323,0,0,112394877611,0,0,0,0,0,0,-854,0,0
112395920611,0,0,0,0,0,0,11260,0,0,112395997611,0,0,0,0,0,0,-866,0,0
112397040611,0,0,0,0,0,0,11296,0,0,112397117611,0,0,0,0,0,0,-873,0,0
112398160611,0,0,0,0,0,0,481,0,0,112398237611,0,0,0,0,0,0,602,0,0
112399280611,0,0,0,0,0,0,547,0,0,112399357611,0,0,0,0,0,0,584,0,0
112400400611,0,0,0,0,0,0,521,0,0,112400477611,0,0,0,0,0,0,586,0,0
112401520611,0,0,0,0,0,0,492,0,0,112401597611,0,0,0,0,0,0,575,0,0
112402640611,0,0,0,0,0,0,483,0,0,112402717611,0,0,0,0,0,0,577,0,0
112403760611,0,0,0,0,0,0,518,0,0,112403837611,0,0,0,0,0,0,590,0,0
112404880611,0,0,0,0,0,0,481,0,0,112404957611,0,0,0,0,0,0,593,0,0
112406000611,0,0,0,0,0,0,498,0,0,112406077611,0,0,0,0,0,0,603,0,0
112407120611,0,0,0,0,0,0,11279,0,0,112407197611,0,0,0,0,0,0,-871,0,0
112408240611,0,0,0,0,0,0,11287,0,0,112408317611,0,0,0,0,0,0,-887,0,0
112409360611,0,0,0,0,0,0,11297,0,0,112409437611,0,0,0,0,0,0,-839,0,0
112410480611,0,0,0,0,0,0,11245,0,0,112410557611,0,0,0,0,0,0,-878,0,0
112411600611,0,0,0,0,0,0,11315,0,0,112411677611,0,0,0,0,0,0,-885,0,0
112412720611,0,0,0,0,0,0,11278,0,0,112412797611,0,0,0,0,0,0,-871,0,0
112413840611,0,0,0,0,0,0,11305,0,0,112413917611,0,0,0,0,0,0,-850,0,0
112414960611,0,0,0,0,0,0,11272,0,0,112415037611,0,0,0,0,0,0,-890,0,0
112416080611,0,0,0,0,0,0,489,0,0,112416157611,0,0,0,0,0,0,554,0,0
112417200611,0,0,0,0,0,0,556,0,0,112417277611,0,0,0,0,0,0,617,0,0
112418320611,0,0,0,0,0,0,493,0,0,112418397611,0,0,0,0,0,0,561,0,0
112419440611,0,0,0,0,0,0,511,0,0,112419517611,0,0,0,0,0,0,572,0,0
112420560611,0,0,0,0,0,0,501,0,0,112420637611,0,0,0,0,0,0,583,0,0
112421680611,0,0,0,0,0,0,483,0,0,112421757611,0,0,0,0,0,0,566,0,0
112422800611,0,0,0,0,0,0,497,0,0,112422877611,0,0,0,0,0,0,568,0,0
112423920611,0,0,0,0,0,0,489,0,0,112423997611,0,0,0,0,0,0,584,0,0
112425040611,0,0,0,0,0,0,11314,0,0,112425117611,0,0,0,0,0,0,-868,0,0
112426160611,0,0,0,0,0,0,11288,0,0,112426237611,0,0,0,0,0,0,-885,0,0
112427280611,0,0,0,0,0,0,11274,0,0,112427357611,0,0,0,0,0,0,-889,0,0
112428400611,0,0,0,0,0,0,11307,0,0,112428477611,0,0,0,0,0,0,-841,0,0
112429520611,0,0,0,0,0,0,11338,0,0,112429597611,0,0,0,0,0,0,-872,0,0
112430640611,0,0,0,0,0,0,11310,0,0,112430717611,0,0,0,0,0,0,-870,0,0
112431760611,0,0,0,0,0,0,11271,0,0,112431837611,0,0,0,0,0,0,-867,0,0
112432880611,0,0,0,0,0,0,11288,0,0,112432957611,0,0,0,0,0,0,-851,0,0
112434000611,0,0,0,0,0,0,510,0,0,112434077611,0,0,0,0,0,0,556,0,0
112435120611,0,0,0,0,0,0,488,0,0,112435197611,0,0,0,0,0,0,562,0,0
112436240611,0,0,0,0,0,0,494,0,0,112436317611,0,0,0,0,0,0,606,0,0
112437360611,0,0,0,0,0,0,507,0,0,112437437611,0,0,0,0,0,0,605,0,0
112438480611,0,0,0,0,0,0,479,0,0,112438557611,0,0,0,0,0,0,537,0,0
112439600611,0,0,0,0,0,0,513,0,0,112439677611,0,0,0,0,0,0,579,0,0
112440720611,0,0,0,0,0,0,483,0,0,112440797611,0,0,0,0,0,0,608,0,0
112441840611,0,0,0,0,0,0,486,0,0,112441917611,0,0,0,0,0,0,542,0,0
112442960611,0,0,0,0,0,0,11286,0,0,112443037611,0,0,0,0,0,0,-876,0,0
112444080611,0,0,0,0,0,0,11317,0,0,112444157611,0,0,0,0,0,0,-844,0,0
112445200611,0,0,0,0,0,0,11289,0,0,112445277611,0,0,0,0,0,0,-888,0,0
112446320611,0,0,0,0,0,0,11289,0,0,112446397611,0,0,0,0,0,0,-872,0,0
112447440611,0,0,0,0,0,0,11264,0,0,112447517611,0,0,0,0,0,0,-842,0,0
112448560611,0,0,0,0,0,0,11261,0,0,112448637611,0,0,0,0,0,0,-894,0,0
112449680611,0,0,0,0,0,0,11333,0,0,112449757611,0,0,0,0,0,0,-860,0,0
112450800611,0,0,0,0,0,0,11321,0,0,112450877611,0,0,0,0,0,0,-879,0,0
112451920611,0,0,0,0,0,0,523,0,0,112451997611,0,0,0,0,0,0,595,0,0
112453040611,0,0,0,0,0,0,494,0,0,112453117611,0,0,0,0,0,0,574,0,0
112454160611,0,0,0,0,0,0,483,0,0,112454237611,0,0,0,0,0,0,556,0,0
112455280611,0,0,0,0,0,0,479,0,0,112455357611,0,0,0,0,0,0,575,0,0
112456400611,0,0,0,0,0,0,452,0,0,112456477611,0,0,0,0,0,0,574,0,0
112457520611,0,0,0,0,0,0,492,0,0,112457597611,0,0,0,0,0,0,591,0,0
112458640611,0,0,0,0,0,0,503,0,0,112458717611,0,0,0,0,0,0,637,0,0
112459760611,0,0,0,0,0,0,495,0,0,112459837611,0,0,0,0,0,0,568,0,0
112460880611,0,0,0,0,0,0,11290,0,0,112460957611,0,0,0,0,0,0,-890,0,0
112462000611,0,0,0,0,0,0,11270,0,0,112462077611,0,0,0,0,0,0,-850,0,0
112463120611,0,0,0,0,0,0,11332,0,0,112463197611,0,0,0,0,0,0,-865,0,0
112464240611,0,0,0,0,0,0,11287,0,0,112464317611,0,0,0,0,0,0,-847,0,0
112465360611,0,0,0,0,0,0,11294,0,0,112465437611,0,0,0,0,0,0,-821,0,0
112466480611,0,0,0,0,0,0,11247,0,0,112466557611,0,0,0,0,0,0,-861,0,0
112467600611,0,0,0,0,0,0,11249,0,0,112467677611,0,0,0,0,0,0,-881,0,0
112468720611,0,0,0,0,0,0,11273,0,0,112468797611,0,0,0,0,0,0,-896,0,0
112469840611,0,0,0,0,0,0,474,0,0,112469917611,0,0,0,0,0,0,559,0,0
112470960611,0,0,0,0,0,0,506,0,0,112471037611,0,0,0,0,0,0,586,0,0
112472080611,0,0,0,0,0,0,491,0,0,112472157611,0,0,0,0,0,0,578,0,0
112473200611,0,0,0,0,0,0,507,0,0,112473277611,0,0,0,0,0,0,563,0,0
112474320611,0,0,0,0,0,0,503,0,0,112474397611,0,0,0,0,0,0,616,0,0
112475440611,0,0,0,0,0,0,471,0,0,112475517611,0,0,0,0,0,0,552,0,0
112476560611,0,0,0,0,0,0,552,0,0,112476637611,0,0,0,0,0,0,635,0,0
112477680611,0,0,0,0,0,0,475,0,0,112477757611,0,0,0,0,0,0,585,0,0
112478800611,0,0,0,0,0,0,11296,0,0,112478877611,0,0,0,0,0,0,-884,0,0
112479920611,0,0,0,0,0,0,11265,0,0,112479997611,0,0,0,0,0,0,-912,0,0
112481040611,0,0,0,0,0,0,11308,0,0,112481117611,0,0,0,0,0,0,-868,0,0
112482160611,0,0,0,0,0,0,11268,0,0,112482237611,0,0,0,0,0,0,-868,0,0
112483280611,0,0,0,0,0,0,11298,0,0,112483357611,0,0,0,0,0,0,-861,0,0
112484400611,0,0,0,0,0,0,11277,0,0,112484477611,0,0,0,0,0,0,-888,0,0
112485520611,0,0,0,0,0,0,11261,0,0,112485597611,0,0,0,0,0,0,-843,0,0
112486640611,0,0,0,0,0,0,11284,0,0,112486717611,0,0,0,0,0,0,-883,0,0
112487760611,0,0,0,0,0,0,462,0,0,112487837611,0,0,0,0,0,0,577,0,0
112488880611,0,0,0,0,0,0,496,0,0,112488957611,0,0,0,0,0,0,576,0,0
112490000611,0,0,0,0,0,0,425,0,0,112490077611,0,0,0,0,0,0,564,0,0
112491120611,0,0,0,0,0,0,435,0,0,112491197611,0,0,0,0,0,0,563,0,0
112492240611,0,0,0,0,0,0,456,0,0,112492317611,0,0,0,0,0,0,578,0,0
112493360611,0,0,0,0,0,0,545,0,0,112493437611,0,0,0,0,0,0,570,0,0
112494480611,0,0,0,0,0,0,488,0,0,112494557611,0,0,0,0,0,0,594,0,0
112495600611,0,0,0,0,0,0,469,0,0,112495677611,0,0,0,0,0,0,572,0,0
112496720611,0,0,0,0,0,0,11299,0,0,112496797611,0,0,0,0,0,0,-879,0,0
112497840611,0,0,0,0,0,0,11312,0,0,112497917611,0,0,0,0,0,0,-829,0,0
112498960611,0,0,0,0,0,0,11275,0,0,112499037611,0,0,0,0,0,0,-836,0,0
112500080611,0,0,0,0,0,0,11279,0,0,112500157611,0,0,0,0,0,0,-838,0,0
112501200611,0,0,0,0,0,0,11269,0,0,112501277611,0,0,0,0,0,0,-873,0,0
112502320611,0,0,0,0,0,0,11257,0,0,112502397611,0,0,0,0,0,0,-879,0,0
112503440611,0,0,0,0,0,0,11242,0,0,112503517611,0,0,0,0,0,0,-861,0,0
112504560611,0,0,0,0,0,0,11311,0,0,112504637611,0,0,0,0,0,0,-836,0,0
112505680611,0,0,0,0,0,0,487,0,0,112505757611,0,0,0,0,0,0,607,0,0
112506800611,0,0,0,0,0,0,506,0,0,112506877611,0,0,0,0,0,0,559,0,0
112507920611,0,0,0,0,0,0,494,0,0,112507997611,0,0,0,0,0,0,547,0,0
112509040611,0,0,0,0,0,0,486,0,0,112509117611,0,0,0,0,0,0,557,0,0
112510160611,0,0,0,0,0,0,487,0,0,112510237611,0,0,0,0,0,0,570,0,0
112511280611,0,0,0,0,0,0,510,0,0,112511357611,0,0,0,0,0,0,597,0,0
112512400611,0,0,0,0,0,0,467,0,0,112512477611,0,0,0,0,0,0,547,0,0
112513520611,0,0,0,0,0,0,472,0,0,112513597611,0,0,0,0,0,0,601,0,0
112514640611,0,0,0,0,0,0,11263,0,0,112514717611,0,0,0,0,0,0,-870,0,0
112515760611,0,0,0,0,0,0,11297,0,0,112515837611,0,0,0,0,0,0,-876,0,0
112516880611,0,0,0,0,0,0,11304,0,0,112516957611,0,0,0,0,0,0,-872,0,0
112518000611,0,0,0,0,0,0,11333,0,0,112518077611,0,0,0,0,0,0,-829,0,0
112519120611,0,0,0,0,0,0,11299,0,0,112519197611,0,0,0,0,0,0,-877,0,0
112520240611,0,0,0,0,0,0,11279,0,0,112520317611,0,0,0,0,0,0,-864,0,0
112521360611,0,0,0,0,0,0,11259,0,0,112521437611,0,0,0,0,0,0,-859,0,0
112522480611,0,0,0,0,0,0,11289,0,0,112522557611,0,0,0,0,0,0,-886,0,0
112523600611,0,0,0,0,0,0,480,0,0,112523677611,0,0,0,0,0,0,588,0,0
112524720611,0,0,0,0,0,0,509,0,0,112524797611,0,0,0,0,0,0,593,0,0
112525840611,0,0,0,0,0,0,528,0,0,112525917611,0,0,0,0,0,0,551,0,0
112526960611,0,0,0,0,0,0,495,0,0,112527037611,0,0,0,0,0,0,552,0,0
112528080611,0,0,0,0,0,0,518,0,0,112528157611,0,0,0,0,0,0,517,0,0
112529200611,0,0,0,0,0,0,491,0,0,112529277611,0,0,0,0,0,0,599,0,0
112530320611,0,0,0,0,0,0,469,0,0,112530397611,0,0,0,0,0,0,583,0,0
112531440611,0,0,0,0,0,0,463,0,0,112531517611,0,0,0,0,0,0,533,0,0
112532560611,0,0,0,0,0,0,11283,0,0,112532637611,0,0,0,0,0,0,-833,0,0
112533680611,0,0,0,0,0,0,11280,0,0,112533757611,0,0,0,0,0,0,-855,0,0
112534800611,0,0,0,0,0,0,11325,0,0,112534877611,0,0,0,0,0,0,-876,0,0
112535920611,0,0,0,0,0,0,11262,0,0,112535997611,0,0,0,0,0,0,-886,0,0
112537040611,0,0,0,0,0,0,11293,0,0,112537117611,0,0,0,0,0,0,-876,0,0
112538160611,0,0,0,0,0,0,11291,0,0,112538237611,0,0,0,0,0,0,-875,0,0
112539280611,0,0,0,0,0,0,11269,0,0,112539357611,0,0,0,0,0,0,-880,0,0
112540400611,0,0,0,0,0,0,11262,0,0,112540477611,0,0,0,0,0,0,-897,0,0
112541520611,0,0,0,0,0,0,507,0,0,112541597611,0,0,0,0,0,0,589,0,0
112542640611,0,0,0,0,0,0,523,0,0,112542717611,0,0,0,0,0,0,575,0,0
112543760611,0,0,0,0,0,0,488,0,0,112543837611,0,0,0,0,0,0,558,0,0
112544880611,0,0,0,0,0,0,460,0,0,112544957611,0,0,0,0,0,0,573,0,0
112546000611,0,0,0,0,0,0,487,0,0,112546077611,0,0,0,0,0,0,566,0,0
112547120611,0,0,0,0,0,0,467,0,0,112547197611,0,0,0,0,0,0,623,0,0
112548240611,0,0,0,0,0,0,462,0,0,112548317611,0,0,0,0,0,0,552,0,0
112549360611,0,0,0,0,0,0,508,0,0,112549437611,0,0,0,0,0,0,606,0,0
112550480611,0,0,0,0,0,0,11277,0,0,112550557611,0,0,0,0,0,0,-884,0,0
112551600611,0,0,0,0,0,0,11296,0,0,112551677611,0,0,0,0,0,0,-853,0,0
112552720611,0,0,0,0,0,0,11319,0,0,112552797611,0,0,0,0,0,0,-887,0,0
112553840611,0,0,0,0,0,0,11303,0,0,112553917611,0,0,0,0,0,0,-857,0,0
112554960611,0,0,0,0,0,0,11271,0,0,112555037611,0,0,0,0,0,0,-863,0,0
112556080611,0,0,0,0,0,0,11322,0,0,112556157611,0,0,0,0,0,0,-916,0,0
112557200611,0,0,0,0,0,0,11323,0,0,112557277611,0,0,0,0,0,0,-897,0,0
112558320611,0,0,0,0,0,0,11273,0,0,112558397611,0,0,0,0,0,0,-873,0,0
112559440611,0,0,0,0,0,0,474,0,0,112559517611,0,0,0,0,0,0,581,0,0
112560560611,0,0,0,0,0,0,489,0,0,112560637611,0,0,0,0,0,0,537,0,0
112561680611,0,0,0,0,0,0,454,0,0,112561757611,0,0,0,0,0,0,560,0,0
112562800611,0,0,0,0,0,0,470,0,0,112562877611,0,0,0,0,0,0,598,0,0
112563920611,0,0,0,0,0,0,455,0,0,112563997611,0,0,0,0,0,0,590,0,0
112565040611,0,0,0,0,0,0,474,0,0,112565117611,0,0,0,0,0,0,585,0,0
112566160611,0,0,0,0,0,0,468,0,0,112566237611,0,0,0,0,0,0,579,0,0
112567280611,0,0,0,0,0,0,472,0,0,112567357611,0,0,0,0,0,0,568,0,0
112568400611,0,0,0,0,0,0,11291,0,0,112568477611,0,0,0,0,0,0,-879,0,0
112569520611,0,0,0,0,0,0,11269,0,0,112569597611,0,0,0,0,0,0,-840,0,0
112570640611,0,0,0,0,0,0,11264,0,0,112570717611,0,0,0,0,0,0,-884,0,0
112571760611,0,0,0,0,0,0,11316,0,0,112571837611,0,0,0,0,0,0,-887,0,0
112572880611,0,0,0,0,0,0,11280,0,0,112572957611,0,0,0,0,0,0,-852,0,0
112574000611,0,0,0,0,0,0,11276,0,0,112574077611,0,0,0,0,0,0,-870,0,0
112575120611,0,0,0,0,0,0,11274,0,0,112575197611,0,0,0,0,0,0,-889,0,0
112576240611,0,0,0,0,0,0,11303,0,0,112576317611,0,0,0,0,0,0,-867,0,0
112577360611,0,0,0,0,0,0,491,0,0,112577437611,0,0,0,0,0,0,540,0,0
112578480611,0,0,0,0,0,0,486,0,0,112578557611,0,0,0,0,0,0,601,0,0
112579600611,0,0,0,0,0,0,457,0,0,112579677611,0,0,0,0,0,0,551,0,0
112580720611,0,0,0,0,0,0,484,0,0,112580797611,0,0,0,0,0,0,579,0,0
112581840611,0,0,0,0,0,0,474,0,0,112581917611,0,0,0,0,0,0,587,0,0
112582960611,0,0,0,0,0,0,475,0,0,112583037611,0,0,0,0,0,0,597,0,0
112584080611,0,0,0,0,0,0,482,0,0,112584157611,0,0,0,0,0,0,583,0,0
112585200611,0,0,0,0,0,0,523,0,0,112585277611,0,0,0,0,0,0,564,0,0
112586320611,0,0,0,0,0,0,11234,0,0,112586397611,0,0,0,0,0,0,-883,0,0
112587440611,0,0,0,0,0,0,11328,0,0,112587517611,0,0,0,0,0,0,-845,0,0
112588560611,0,0,0,0,0,0,11285,0,0,112588637611,0,0,0,0,0,0,-878,0,0
112589680611,0,0,0,0,0,0,11293,0,0,112589757611,0,0,0,0,0,0,-924,0,0
112590800611,0,0,0,0,0,0,11284,0,0,112590877611,0,0,0,0,0,0,-875,0,0
112591920611,0,0,0,0,0,0,11286,0,0,112591997611,0,0,0,0,0,0,-909,0,0
112593040611,0,0,0,0,0,0,11298,0,0,112593117611,0,0,0,0,0,0,-843,0,0
112594160611,0,0,0,0,0,0,11273,0,0,112594237611,0,0,0,0,0,0,-876,0,0
112595280611,0,0,0,0,0,0,518,0,0,112595357611,0,0,0,0,0,0,572,0,0
112596400611,0,0,0,0,0,0,448,0,0,112596477611,0,0,0,0,0,0,604,0,0
112597520611,0,0,0,0,0,0,519,0,0,112597597611,0,0,0,0,0,0,550,0,0
112598640611,0,0,0,0,0,0,463,0,0,112598717611,0,0,0,0,0,0,545,0,0
112599760611,0,0,0,0,0,0,499,0,0,112599837611,0,0,0,0,0,0,572,0,0
112600880611,0,0,0,0,0,0,455,0,0,112600957611,0,0,0,0,0,0,558,0,0
112602000611,0,0,0,0,0,0,502,0,0,112602077611,0,0,0,0,0,0,587,0,0
112603120611,0,0,0,0,0,0,456,0,0,112603197611,0,0,0,0,0,0,570,0,0
112604240611,0,0,0,0,0,0,11276,0,0,112604317611,0,0,0,0,0,0,-849,0,0
112605360611,0,0,0,0,0,0,11335,0,0,112605437611,0,0,0,0,0,0,-887,0,0
112606480611,0,0,0,0,0,0,11238,0,0,112606557611,0,0,0,0,0,0,-860,0,0
112607600611,0,0,0,0,0,0,11270,0,0,112607677611,0,0,0,0,0,0,-856,0,0
112608720611,0,0,0,0,0,0,11320,0,0,112608797611,0,0,0,0,0,0,-870,0,0
112609840611,0,0,0,0,0,0,11280,0,0,112609917611,0,0,0,0,0,0,-852,0,0
112610960611,0,0,0,0,0,0,11311,0,0,112611037611,0,0,0,0,0,0,-879,0,0
112612080611,0,0,0,0,0,0,11252,0,0,112612157611,0,0,0,0,0,0,-915,0,0
112613200611,0,0,0,0,0,0,525,0,0,112613277611,0,0,0,0,0,0,554,0,0
112614320611,0,0,0,0,0,0,512,0,0,112614397611,0,0,0,0,0,0,572,0,0
112615440611,0,0,0,0,0,0,495,0,0,112615517611,0,0,0,0,0,0,564,0,0
112616560611,0,0,0,0,0,0,495,0,0,112616637611,0,0,0,0,0,0,603,0,0
112617680611,0,0,0,0,0,0,480,0,0,112617757611,0,0,0,0,0,0,592,0,0
112618800611,0,0,0,0,0,0,461,0,0,112618877611,0,0,0,0,0,0,542,0,0
112619920611,0,0,0,0,0,0,478,0,0,112619997611,0,0,0,0,0,0,554,0,0
112621040611,0,0,0,0,0,0,492,0,0,112621117611,0,0,0,0,0,0,573,0,0
112622160611,0,0,0,0,0,0,11277,0,0,112622237611,0,0,0,0,0,0,-849,0,0
112623280611,0,0,0,0,0,0,11323,0,0,112623357611,0,0,0,0,0,0,-867,0,0
112624400611,0,0,0,0,0,0,11232,0,0,112624477611,0,0,0,0,0,0,-868,0,0
112625520611,0,0,0,0,0,0,11330,0,0,112625597611,0,0,0,0,0,0,-884,0,0
112626640611,0,0,0,0,0,0,11279,0,0,112626717611,0,0,0,0,0,0,-879,0,0
112627760611,0,0,0,0,0,0,11250,0,0,112627837611,0,0,0,0,0,0,-876,0,0
112628880611,0,0,0,0,0,0,11287,0,0,112628957611,0,0,0,0,0,0,-893,0,0
112630000611,0,0,0,0,0,0,11282,0,0,112630077611,0,0,0,0,0,0,-869,0,0
112631120611,0,0,0,0,0,0,477,0,0,112631197611,0,0,0,0,0,0,554,0,0
112632240611,0,0,0,0,0,0,461,0,0,112632317611,0,0,0,0,0,0,582,0,0
112633360611,0,0,0,0,0,0,488,0,0,112633437611,0,0,0,0,0,0,580,0,0
112634480611,0,0,0,0,0,0,490,0,0,112634557611,0,0,0,0,0,0,578,0,0
112635600611,0,0,0,0,0,0,512,0,0,112635677611,0,0,0,0,0,0,565,0,0
112636720611,0,0,0,0,0,0,486,0,0,112636797611,0,0,0,0,0,0,610,0,0
112637840611,0,0,0,0,0,0,507,0,0,112637917611,0,0,0,0,0,0,551,0,0
112638960611,0,0,0,0,0,0,499,0,0,112639037611,0,0,0,0,0,0,597,0,0
112640080611,0,0,0,0,0,0,11263,0,0,112640157611,0,0,0,0,0,0,-883,0,0
112641200611,0,0,0,0,0,0,11285,0,0,112641277611,0,0,0,0,0,0,-834,0,0
112642320611,0,0,0,0,0,0,11309,0,0,112642397611,0,0,0,0,0,0,-869,0,0
112643440611,0,0,0,0,0,0,11282,0,0,112643517611,0,0,0,0,0,0,-902,0,0
112644560611,0,0,0,0,0,0,11314,0,0,112644637611,0,0,0,0,0,0,-879,0,0
112645680611,0,0,0,0,0,0,11255,0,0,112645757611,0,0,0,0,0,0,-870,0,0
112646800611,0,0,0,0,0,0,11306,0,0,112646877611,0,0,0,0,0,0,-829,0,0
112647920611,0,0,0,0,0,0,11259,0,0,112647997611,0,0,0,0,0,0,-865,0,0
112649040611,0,0,0,0,0,0,468,0,0,112649117611,0,0,0,0,0,0,578,0,0
112650160611,0,0,0,0,0,0,464,0,0,112650237611,0,0,0,0,0,0,569,0,0
112651280611,0,0,0,0,0,0,498,0,0,112651357611,0,0,0,0,0,0,550,0,0
112652400611,0,0,0,0,0,0,515,0,0,112652477611,0,0,0,0,0,0,573,0,0
112653520611,0,0,0,0,0,0,513,0,0,112653597611,0,0,0,0,0,0,546,0,0
112654640611,0,0,0,0,0,0,472,0,0,112654717611,0,0,0,0,0,0,614,0,0
112655760611,0,0,0,0,0,0,504,0,0,112655837611,0,0,0,0,0,0,563,0,0
112656880611,0,0,0,0,0,0,472,0,0,112656957611,0,0,0,0,0,0,561,0,0
112658000611,0,0,0,0,0,0,491,0,0,112658077611,0,0,0,0,0,0,585,0,0
112659120611,0,0,0,0,0,0,468,0,0,112659197611,0,0,0,0,0,0,601,0,0
112660240611,0,0,0,0,0,0,497,0,0,112660317611,0,0,0,0,0,0,594,0,0
112661360611,0,0,0,0,0,0,481,0,0,112661437611,0,0,0,0,0,0,590,0,0
112662480611,0,0,0,0,0,0,454,0,0,112662557611,0,0,0,0,0,0,608,0,0
112663600611,0,0,0,0,0,0,470,0,0,112663677611,0,0,0,0,0,0,573,0,0
112664720611,0,0,0,0,0,0,477,0,0,112664797611,0,0,0,0,0,0,605,0,0
112665840611,0,0,0,0,0,0,469,0,0,112665917611,0,0,0,0,0,0,609,0,0
112666960611,0,0,0,0,0,0,484,0,0,112667037611,0,0,0,0,0,0,544,0,0
112668080611,0,0,0,0,0,0,486,0,0,112668157611,0,0,0,0,0,0,598,0,0
112669200611,0,0,0,0,0,0,490,0,0,112669277611,0,0,0,0,0,0,606,0,0
112670320611,0,0,0,0,0,0,482,0,0,112670397611,0,0,0,0,0,0,556,0,0
112671440611,0,0,0,0,0,0,496,0,0,112671517611,0,0,0,0,0,0,599,0,0
112672560611,0,0,0,0,0,0,472,0,0,112672637611,0,0,0,0,0,0,578,0,0
112673680611,0,0,0,0,0,0,474,0,0,112673757611,0,0,0,0,0,0,610,0,0
112674800611,0,0,0,0,0,0,473,0,0,112674877611,0,0,0,0,0,0,534,0,0
112675920611,0,0,0,0,0,0,512,0,0,112675997611,0,0,0,0,0,0,580,0,0
112677040611,0,0,0,0,0,0,496,0,0,112677117611,0,0,0,0,0,0,555,0,0
112678160611,0,0,0,0,0,0,498,0,0,112678237611,0,0,0,0,0,0,564,0,0
112679280611,0,0,0,0,0,0,534,0,0,112679357611,0,0,0,0,0,0,607,0,0
112680400611,0,0,0,0,0,0,464,0,0,112680477611,0,0,0,0,0,0,613,0,0
112681520611,0,0,0,0,0,0,504,0,0,112681597611,0,0,0,0,0,0,578,0,0
112682640611,0,0,0,0,0,0,468,0,0,112682717611,0,0,0,0,0,0,573,0,0
112683760611,0,0,0,0,0,0,464,0,0,112683837611,0,0,0,0,0,0,572,0,0
112684880611,0,0,0,0,0,0,511,0,0,112684957611,0,0,0,0,0,0,572,0,0
112686000611,0,0,0,0,0,0,487,0,0,112686077611,0,0,0,0,0,0,594,0,0
112687120611,0,0,0,0,0,0,488,0,0,112687197611,0,0,0,0,0,0,593,0,0
112688240611,0,0,0,0,0,0,485,0,0,112688317611,0,0,0,0,0,0,560,0,0
112689360611,0,0,0,0,0,0,493,0,0,112689437611,0,0,0,0,0,0,570,0,0
112690480611,0,0,0,0,0,0,483,0,0,112690557611,0,0,0,0,0,0,583,0,0
112691600611,0,0,0,0,0,0,501,0,0,112691677611,0,0,0,0,0,0,612,0,0
112692720611,0,0,0,0,0,0,508,0,0,112692797611,0,0,0,0,0,0,536,0,0
112693840611,0,0,0,0,0,0,489,0,0,112693917611,0,0,0,0,0,0,516,0,0
112694960611,0,0,0,0,0,0,506,0,0,112695037611,0,0,0,0,0,0,564,0,0
112696080611,0,0,0,0,0,0,509,0,0,112696157611,0,0,0,0,0,0,595,0,0
112697200611,0,0,0,0,0,0,503,0,0,112697277611,0,0,0,0,0,0,576,0,0
112698320611,0,0,0,0,0,0,518,0,0,112698397611,0,0,0,0,0,0,551,0,0
112699440611,0,0,0,0,0,0,454,0,0,112699517611,0,0,0,0,0,0,551,0,0
112700560611,0,0,0,0,0,0,464,0,0,112700637611,0,0,0,0,0,0,591,0,0
112701680611,0,0,0,0,0,0,490,0,0,112701757611,0,0,0,0,0,0,593,0,0
112702800611,0,0,0,0,0,0,471,0,0,112702877611,0,0,0,0,0,0,553,0,0
112703920611,0,0,0,0,0,0,524,0,0,112703997611,0,0,0,0,0,0,626,0,0
112705040611,0,0,0,0,0,0,499,0,0,112705117611,0,0,0,0,0,0,600,0,0
112706160611,0,0,0,0,0,0,472,0,0,112706237611,0,0,0,0,0,0,583,0,0
112707280611,0,0,0,0,0,0,467,0,0,112707357611,0,0,0,0,0,0,583,0,0
112708400611,0,0,0,0,0,0,489,0,0,112708477611,0,0,0,0,0,0,577,0,0
112709520611,0,0,0,0,0,0,480,0,0,112709597611,0,0,0,0,0,0,592,0,0
112710640611,0,0,0,0,0,0,499,0,0,112710717611,0,0,0,0,0,0,547,0,0
112711760611,0,0,0,0,0,0,503,0,0,112711837611,0,0,0,0,0,0,559,0,0
